5970
0	1481	0
0	1496	0
0	1127	0
0	413	0
0	1817	0
0	1661	0
0	596	0
0	1376	0
0	1979	0
0	767	0
0	1622	0
0	2204	0
0	1163	0
0	308	0
0	119	0
0	215	0
0	2774	0
0	1985	0
0	1514	0
0	1544	0
0	989	0
0	2696	0
0	860	0
0	713	0
0	974	0
0	1757	0
0	1721	0
0	1031	0
0	1019	0
0	1595	0
0	2852	0
0	2	0
68	451	3
0	1012	0
1067	1124	1013
0	1589	0
0	2135	0
0	70	0
0	70	0
0	2876	0
0	3047	0
0	3026	0
0	1667	0
0	1187	0
0	707	0
0	464	0
0	1496	0
0	524	0
0	1190	0
0	87	0
0	87	0
0	1079	0
0	1283	0
0	284	0
0	2501	0
0	1562	0
0	383	0
0	866	0
941	943	867
0	845	0
0	728	0
767	1780	729
0	1910	0
0	2408	0
0	287	0
0	2684	0
0	1883	0
0	1001	0
0	2539	0
2602	2626	2540
0	626	0
689	1756	627
0	938	0
0	2591	0
0	872	0
0	4646	0
0	2597	0
0	485	0
0	72	0
0	72	0
0	9	0
107	1545	10
0	36	0
94	230	37
0	167	0
0	33	0
118	671	34
0	1044	0
1103	1188	1045
0	72	0
0	72	0
0	1628	0
0	1316	0
0	59	0
121	633	60
0	2048	0
0	91	0
0	1031	0
0	6620	0
0	1391	0
0	437	0
0	905	0
0	1550	0
0	178	0
236	281	179
0	2204	0
0	87	0
0	87	0
0	824	0
0	611	0
0	719	0
0	1379	0
0	608	0
0	2144	0
0	458	0
0	1325	0
0	695	0
0	347	0
0	881	0
0	2603	0
0	875	0
0	1859	0
0	5499	0
5562	5575	5500
0	719	0
789	806	720
0	2711	0
0	2342	0
0	225	0
258	2005	226
0	1718	0
0	2138	0
0	437	0
0	2039	0
0	1325	0
0	1442	0
0	389	0
0	644	0
0	761	0
0	4090	0
4138	4381	4091
0	731	0
0	51	0
111	742	52
0	44	0
110	304	45
0	866	0
0	569	0
0	1211	0
0	1157	0
0	1511	0
0	869	0
0	290	0
0	896	0
0	1700	0
0	1226	0
0	1511	0
0	926	0
0	860	0
0	1412	0
0	419	0
0	575	0
0	899	0
0	2975	0
0	31	0
94	2389	32
0	956	0
0	607	0
673	1270	608
0	162	0
220	515	163
0	86	0
0	86	0
0	1982	0
0	368	0
0	8641	0
8688	8718	8642
0	371	0
635	676	372
0	581	0
0	659	0
0	1190	0
0	2825	0
0	2081	0
0	362	0
419	877	363
0	3119	0
3212	5527	3120
0	2605	0
2668	3250	2606
0	833	0
0	1291	0
1372	1606	1292
0	1220	0
0	1625	0
0	1184	0
0	866	0
0	509	0
0	77	0
132	287	78
0	2648	0
0	1877	0
0	390	0
461	468	391
0	800	0
0	578	0
0	1055	0
0	1055	0
0	1031	0
0	1469	0
0	2030	0
0	5579	0
0	812	0
0	923	0
0	704	0
0	485	0
0	470	0
0	2459	0
0	1064	0
0	1343	0
0	371	0
0	1022	0
0	509	0
0	425	0
0	2195	0
0	4355	0
0	1922	0
0	4166	0
0	2321	0
0	1367	0
0	983	0
0	1166	0
1221	1295	1167
0	1352	0
0	1214	0
0	428	0
0	1483	0
1523	1580	1484
0	938	0
0	983	0
0	806	0
0	1277	0
0	1007	0
0	71	0
0	71	0
0	71	0
0	71	0
0	1148	0
0	1808	0
0	1229	0
0	935	0
0	1832	0
0	1436	0
0	428	0
0	1388	0
0	1235	0
0	1031	0
0	1712	0
0	1043	0
0	1484	0
0	812	0
0	71	0
0	71	0
0	422	0
0	1127	0
0	1469	0
0	1415	0
0	1895	0
0	2462	0
0	803	0
0	1097	0
0	1490	0
0	1169	0
0	71	0
0	71	0
0	3167	0
0	124	0
191	3647	125
0	5195	0
0	1616	0
0	1607	0
0	857	0
0	1046	0
0	71	0
0	71	0
0	896	0
0	1358	0
0	2834	0
0	22	0
77	1100	23
0	2270	0
0	1259	0
0	1142	0
0	569	0
0	3353	0
0	1475	0
0	1643	0
0	794	0
0	656	0
0	1292	0
0	749	0
0	751	0
799	1507	752
0	2579	0
0	305	0
0	196	0
515	866	197
0	746	0
0	575	0
0	752	0
0	1517	0
0	656	0
742	1152	657
0	1214	0
0	1703	0
0	1073	0
0	2111	0
0	644	0
0	239	0
0	533	0
623	925	534
0	1190	0
0	563	0
0	968	0
0	2126	0
0	2357	0
0	497	0
0	75	0
136	1088	76
0	707	0
0	1184	0
0	473	0
0	617	0
0	1421	0
0	1298	0
1351	1371	1299
0	1316	0
0	779	0
0	1844	0
0	1163	0
0	2597	0
0	1751	0
0	2573	0
0	614	0
0	473	0
0	581	0
0	578	0
0	138	0
191	240	139
0	1031	0
0	91	0
0	91	0
0	1709	0
0	91	0
0	91	0
0	1442	0
0	1232	0
0	1343	0
0	2690	0
0	1811	0
0	782	0
0	623	0
0	2519	0
0	2813	0
0	3200	0
0	1277	0
0	701	0
0	6209	0
0	4430	0
0	120	0
0	116	0
0	1856	0
0	1583	0
0	419	0
0	1628	0
0	254	0
0	1086	0
1118	2385	1087
0	2237	0
0	716	0
0	1586	0
0	228	0
383	1464	229
0	1262	0
0	2270	0
0	722	0
0	1103	0
0	194	0
0	1031	0
0	3062	0
0	2225	0
0	746	0
0	1592	0
0	713	0
0	1754	0
0	845	0
0	1589	0
0	1223	0
0	1721	0
0	1364	0
0	1226	0
0	1166	0
0	629	0
683	730	630
0	2114	0
0	85	0
0	1595	0
0	1361	0
0	2096	0
0	1856	0
0	2867	0
0	1391	0
0	2129	0
0	438	0
572	1689	439
0	1001	0
0	3677	0
0	857	0
0	1622	0
0	2	0
73	2304	3
0	944	0
0	49	0
111	1482	50
0	1811	0
0	1220	0
0	3296	0
0	21	0
59	1194	22
0	2033	0
0	2243	0
0	1478	0
0	1502	0
0	1028	0
0	344	0
0	1640	0
0	755	0
0	2048	0
0	129	0
0	150	0
0	542	0
0	573	0
623	627	574
0	71	0
0	71	0
0	72	0
0	72	0
0	2132	0
0	1412	0
0	1592	0
0	686	0
0	1709	0
0	689	0
0	1328	0
0	1154	0
0	235	0
0	235	0
0	1085	0
0	1898	0
0	344	0
0	259	0
553	685	260
0	35	0
90	3053	36
0	1994	0
0	1253	0
0	1237	0
1263	2376	1238
0	965	0
0	1899	0
1931	2622	1900
0	989	0
0	1496	0
0	1589	0
0	659	0
0	956	0
0	3710	0
0	599	0
0	962	0
0	3752	0
0	2150	0
0	1814	0
0	659	0
0	365	0
0	1721	0
0	1457	0
0	1853	0
0	1313	0
0	743	0
0	740	0
0	1310	0
0	347	0
0	1466	0
0	1769	0
0	917	0
0	680	0
0	1916	0
0	2918	0
0	1373	0
0	386	0
0	923	0
0	716	0
0	2135	0
0	2924	0
0	1865	0
0	531	0
573	1147	532
0	911	0
0	3665	0
0	1226	0
0	72	0
0	72	0
0	1043	0
0	1829	0
0	72	0
0	72	0
0	2837	0
2881	4209	2838
0	72	0
0	72	0
0	1409	0
0	824	0
0	2903	0
0	6	0
71	342	7
0	893	0
0	1166	0
0	1064	0
0	3734	0
0	902	0
0	1037	0
1097	1181	1038
1252	1334	1123
0	581	0
0	3053	0
0	2210	0
0	923	0
0	794	0
0	1349	0
0	800	0
0	740	0
0	320	0
0	1088	0
0	4250	0
0	1472	0
0	1247	0
0	73	0
0	73	0
0	1634	0
0	3356	0
0	242	0
0	3065	0
0	950	0
0	1328	0
0	962	0
0	1208	0
0	1706	0
0	1172	0
0	1274	0
0	1481	0
0	845	0
0	662	0
0	2855	0
0	707	0
0	791	0
0	611	0
0	920	0
0	1109	0
0	3746	0
0	2036	0
0	926	0
0	704	0
0	1274	0
0	221	0
0	1778	0
0	3854	0
0	689	0
0	572	0
0	1130	0
0	347	0
0	350	0
0	3200	0
0	646	0
741	837	647
0	2450	0
0	1223	0
0	1088	0
0	3572	0
0	553	0
631	649	554
0	2711	0
0	233	0
294	956	234
0	653	0
0	1688	0
0	1976	0
0	485	0
548	556	486
0	2003	0
0	821	0
0	14852	0
0	110	0
0	497	0
0	2273	0
0	617	0
0	1133	0
0	551	0
0	1232	0
0	855	0
935	954	856
0	2429	0
0	1502	0
0	1613	0
0	2096	0
0	668	0
0	1280	0
0	1112	0
0	4616	0
0	1364	0
0	1781	0
0	738	0
833	906	739
0	207	0
260	402	208
0	3	0
17	993	4
0	2180	0
0	527	0
0	65	0
183	287	66
0	116	0
0	543	0
589	617	544
0	71	0
0	71	0
0	1106	0
0	9386	0
0	1112	0
0	1667	0
0	782	0
0	791	0
0	2414	0
0	2	0
143	871	3
0	509	0
0	1043	0
0	3	0
64	824	4
0	4916	0
0	1694	0
0	509	0
0	962	0
0	1724	0
0	1679	0
0	1397	0
0	965	0
0	845	0
0	944	0
0	983	0
0	3089	0
0	1313	0
0	140	0
193	357	141
0	1307	0
0	575	0
0	1118	0
0	3029	0
0	1016	0
0	608	0
0	194	0
0	1520	0
0	1886	0
0	824	0
0	2402	0
0	3296	0
0	761	0
0	1337	0
0	929	0
0	782	0
0	2450	0
0	545	0
0	536	0
0	1103	0
0	3122	0
0	4910	0
0	2	0
63	329	3
0	824	0
0	1433	0
0	608	0
0	431	0
0	722	0
0	8	0
217	472	9
522	727	265
0	650	0
0	1193	0
0	88	0
0	88	0
0	1562	0
0	1142	0
0	2963	0
0	668	0
0	29	0
81	1166	30
0	5828	0
0	713	0
0	367	0
500	524	368
0	1301	0
0	512	0
0	698	0
0	323	0
0	554	0
0	638	0
0	869	0
0	1571	0
0	1535	0
0	1046	0
0	356	0
0	1853	0
0	1271	0
0	2603	0
0	248	0
0	1484	0
0	983	0
0	1232	0
0	2225	0
0	1511	0
0	416	0
0	737	0
0	572	0
0	671	0
0	1226	0
0	1436	0
0	1346	0
0	3620	0
0	1574	0
0	455	0
0	1304	0
0	1316	0
0	776	0
0	1325	0
0	2090	0
0	1028	0
0	2	0
299	658	3
0	2864	0
0	62	0
141	1091	63
0	599	0
0	70	0
0	70	0
0	590	0
0	1058	0
0	692	0
0	1733	0
0	911	0
0	1046	0
0	2342	0
0	15	0
89	1380	16
0	4076	0
0	254	0
0	962	0
0	3509	0
0	170	0
215	1105	171
0	1979	0
0	116	0
0	120	0
0	383	0
0	1007	0
0	1169	0
0	692	0
0	1091	0
0	2183	0
0	887	0
0	1610	0
0	3176	0
0	251	0
0	329	0
0	944	0
0	1769	0
0	191	0
0	803	0
0	749	0
0	1859	0
0	247	0
407	413	248
0	1193	0
0	1313	0
0	833	0
0	3509	0
0	1613	0
0	197	0
0	893	0
0	3482	0
0	692	0
0	71	0
0	71	0
0	71	0
0	71	0
0	1067	0
0	920	0
0	314	0
0	1382	0
0	677	0
0	152	0
230	1660	153
0	1574	0
0	1115	0
0	941	0
0	1073	0
0	1211	0
0	383	0
0	1124	0
0	929	0
0	265	0
297	2241	266
0	5003	0
0	710	0
0	795	0
884	1527	796
0	1209	0
1285	1361	1210
0	70	0
0	70	0
0	70	0
0	70	0
0	824	0
0	1052	0
1151	1153	1053
0	3023	0
0	650	0
0	1106	0
0	740	0
0	641	0
0	2225	0
0	1562	0
0	275	0
0	1178	0
0	2075	0
0	1571	0
0	776	0
0	1469	0
1583	1894	1470
0	995	0
0	575	0
0	593	0
0	806	0
0	473	0
0	734	0
0	2177	0
0	716	0
0	1397	0
0	1655	0
0	2033	0
0	1436	0
0	2861	0
0	1610	0
0	1973	0
0	2087	0
0	926	0
0	4553	0
0	1463	0
0	2018	0
0	890	0
0	2249	0
0	2057	0
0	701	0
0	380	0
446	454	381
0	1964	0
0	533	0
0	1520	0
0	3323	0
0	115	0
184	269	116
319	335	202
0	1319	0
0	845	0
0	815	0
0	638	0
0	644	0
0	1037	0
0	641	0
0	836	0
0	785	0
0	1358	0
0	821	0
0	1118	0
0	70	0
0	70	0
0	971	0
0	629	0
0	839	0
0	1877	0
0	707	0
0	689	0
0	3269	0
0	1631	0
0	611	0
0	1196	0
0	680	0
0	1247	0
0	71	0
0	71	0
0	1694	0
0	983	0
0	743	0
0	218	0
0	602	0
0	341	0
0	1079	0
0	1085	0
0	7670	0
0	1235	0
0	187	0
249	354	188
400	441	294
0	70	0
0	70	0
0	1181	0
0	1103	0
0	677	0
0	605	0
0	1040	0
0	3098	0
0	1337	0
0	704	0
0	1127	0
0	491	0
0	1643	0
0	194	0
0	48	0
103	488	49
0	1148	0
0	992	0
0	515	0
0	1550	0
0	1418	0
0	1280	0
0	1250	0
0	2012	0
0	1604	0
0	1033	0
1260	1674	1034
0	3032	0
0	1571	0
0	209	0
239	940	210
0	3116	0
0	1667	0
0	1578	0
1670	1881	1579
0	317	0
0	1643	0
0	4562	0
0	44	0
307	1197	45
0	3965	0
0	698	0
0	899	0
0	497	0
0	1268	0
0	417	0
875	948	418
0	2516	0
0	1196	0
0	1457	0
0	932	0
0	2507	0
0	1631	0
0	2051	0
0	596	0
0	335	0
0	1097	0
0	1874	0
0	896	0
0	583	0
733	751	584
0	1847	0
0	1139	0
0	536	0
0	2430	0
2501	2826	2431
0	71	0
0	71	0
0	776	0
0	1088	0
0	1262	0
0	70	0
0	70	0
0	6443	0
0	968	0
0	1190	0
0	1076	0
0	1430	0
0	1367	0
0	787	0
876	2145	788
0	1790	0
0	274	0
0	259	0
0	359	0
389	736	360
0	1364	0
0	1472	0
0	428	0
680	1155	429
1240	1285	905
0	82	0
0	1538	0
0	3086	0
0	1622	0
0	563	0
0	2417	0
0	203	0
0	671	0
0	1004	0
0	1541	0
0	2264	0
0	1244	0
0	1067	0
0	842	0
0	2030	0
0	1181	0
0	1886	0
0	1667	0
0	1496	0
0	1388	0
0	425	0
0	1214	0
0	73	0
0	73	0
0	71	0
0	71	0
0	1013	0
0	1238	0
0	485	0
0	2501	0
0	1874	0
0	653	0
0	782	0
0	2672	0
0	921	0
1010	1077	922
0	800	0
0	1667	0
0	2291	0
0	317	0
0	1673	0
0	1724	0
0	1412	0
0	1670	0
0	1478	0
0	1355	0
0	2296	0
2409	3486	2297
0	1253	0
0	3914	0
0	71	0
0	71	0
0	2153	0
0	773	0
0	281	0
0	191	0
0	1697	0
0	1055	0
0	3416	0
0	863	0
0	1124	0
0	590	0
0	3017	0
0	1013	0
0	497	0
0	249	0
307	348	250
407	447	292
0	1160	0
0	1328	0
0	1292	0
0	1372	0
1458	1515	1373
0	1073	0
0	360	0
428	4803	361
0	2531	0
0	2120	0
0	782	0
0	1454	0
0	3500	0
0	1703	0
0	851	0
0	1292	0
0	554	0
0	2762	0
0	1208	0
0	572	0
0	1673	0
0	2510	0
0	1934	0
0	953	0
0	2630	0
0	986	0
0	1223	0
0	1274	0
0	638	0
0	308	0
0	1040	0
0	2039	0
0	470	0
0	1839	0
1944	1966	1840
0	4202	0
0	2450	0
0	3053	0
0	473	0
0	437	0
0	653	0
0	1127	0
0	2531	0
0	1175	0
0	562	0
629	686	563
0	311	0
371	373	312
0	1859	0
0	887	0
0	1127	0
0	584	0
603	638	585
0	1397	0
0	87	0
171	557	88
978	1063	475
0	73	0
0	73	0
0	920	0
0	494	0
0	1406	0
0	587	0
0	422	0
0	1529	0
0	1517	0
0	512	0
0	2231	0
0	2105	0
0	779	0
0	2306	0
0	647	0
0	222	0
349	1229	223
0	1244	0
0	653	0
0	731	0
0	2591	0
0	506	0
566	568	507
0	1397	0
0	515	0
0	1187	0
0	1199	0
0	1721	0
0	2423	0
0	2066	0
0	1685	0
0	1733	0
0	1234	0
1398	2151	1235
0	1142	0
0	1937	0
0	941	0
0	425	0
0	521	0
0	1562	0
0	1466	0
0	2060	0
0	2462	0
0	296	0
0	1334	0
0	1064	0
0	491	0
0	2903	0
0	662	0
0	72	0
0	72	0
0	926	0
963	1058	927
0	1517	0
0	1877	0
0	545	0
0	190	0
292	1630	191
0	2300	0
0	1772	0
0	479	0
542	661	480
0	1208	0
0	5	0
59	1135	6
0	1544	0
0	111	0
0	111	0
0	111	0
0	111	0
0	87	0
0	87	0
0	1922	0
0	824	0
0	1520	0
0	926	0
0	491	0
0	650	0
0	827	0
0	1049	0
0	12	0
138	499	13
0	473	0
0	2012	0
0	3995	0
0	2876	0
0	3302	0
0	841	0
923	974	842
0	203	0
0	1412	0
0	179	0
251	346	180
0	80	0
152	520	81
0	374	0
0	176	0
0	704	0
0	1346	0
0	1667	0
0	1514	0
0	1343	0
0	1688	0
0	1100	0
0	650	0
0	1709	0
1768	6705	1710
0	1334	0
0	1256	0
0	1643	0
0	1139	0
0	1844	0
0	1226	0
0	1337	0
0	629	0
0	902	0
0	818	0
0	87	0
147	1063	88
0	2024	0
0	2459	0
0	1697	0
0	734	0
801	809	735
0	755	0
0	572	0
0	1865	0
0	56	0
106	2775	57
0	341	0
0	1307	0
0	690	0
1166	1362	691
0	2264	0
0	452	0
0	304	0
649	667	305
0	614	0
0	1541	0
0	1145	0
0	1259	0
0	4517	0
0	1073	0
0	1676	0
0	2345	0
0	103	0
350	842	104
0	1022	0
0	749	0
0	971	0
0	4850	0
0	1367	0
0	2168	0
0	2834	0
0	2405	0
0	959	0
0	1115	0
0	121	0
201	255	122
0	1250	0
0	1067	0
0	860	0
0	5639	0
0	1319	0
0	824	0
886	900	825
0	5318	0
0	1352	0
0	1166	0
0	1709	0
0	1025	0
0	605	0
0	1190	0
0	1034	0
0	569	0
0	1208	0
0	1223	0
0	680	0
0	737	0
0	1781	0
0	2414	0
0	1964	0
0	2141	0
0	2195	0
0	281	0
0	1064	0
0	1058	0
0	5	0
90	3107	6
0	572	0
0	50	0
103	996	51
0	3614	0
0	362	0
0	1376	0
0	1658	0
0	815	0
0	3497	0
0	2774	0
0	1133	0
0	323	0
0	542	0
0	1109	0
0	1505	0
0	428	0
0	737	0
0	734	0
0	791	0
0	1199	0
0	2297	0
0	599	0
0	1799	0
0	1649	0
0	791	0
0	404	0
0	812	0
0	456	0
516	1567	457
0	764	0
0	1715	0
0	2129	0
0	557	0
643	2250	558
0	2075	0
0	2873	0
0	2141	0
0	830	0
0	552	0
627	640	553
0	111	0
339	787	112
0	452	0
0	1316	0
0	1388	0
0	794	0
0	3011	0
0	1331	0
0	482	0
0	341	0
0	2780	0
0	1091	0
0	1943	0
0	914	0
0	1292	0
0	1553	0
0	932	0
0	1154	0
0	1187	0
0	173	0
0	467	0
0	233	0
285	311	234
0	404	0
0	1428	0
1611	2314	1429
0	467	0
0	1403	0
0	389	0
0	2249	0
0	3014	0
0	533	0
0	2132	0
0	44	0
98	1207	45
0	72	0
0	72	0
0	3047	0
0	3020	0
0	1076	0
0	3962	0
0	678	0
733	800	679
873	920	747
0	1628	0
0	1622	0
1660	2370	1623
0	1532	0
0	2549	0
0	1718	0
0	2351	0
0	677	0
0	890	0
0	88	0
0	88	0
0	1400	0
0	1484	0
0	1013	0
0	713	0
0	554	0
0	1082	0
0	989	0
0	506	0
0	764	0
0	1355	0
0	542	0
0	2207	0
0	530	0
0	1490	0
0	758	0
0	347	0
0	860	0
0	827	0
0	1073	0
0	2582	0
0	2333	0
0	716	0
0	236	0
0	1526	0
0	1118	0
0	782	0
0	1118	0
0	87	0
0	93	0
0	1145	0
0	1565	0
1727	1810	1566
0	2054	0
0	788	0
0	884	0
0	1337	0
0	6	0
318	892	7
0	557	0
0	1097	0
0	2981	0
0	1253	0
0	935	0
0	1127	0
0	1535	0
0	848	0
0	1220	0
0	82	0
0	82	0
0	116	0
0	120	0
0	1640	0
0	81	0
0	81	0
0	4598	0
0	1130	0
0	1850	0
0	3275	0
0	1241	0
0	1460	0
0	1481	0
0	2492	0
0	1982	0
0	1550	0
0	47	0
618	2708	48
0	3150	0
3254	3294	3151
0	1892	0
0	683	0
0	485	0
0	875	0
0	1424	0
0	581	0
0	1709	0
0	914	0
0	1367	0
0	2372	0
0	776	0
0	1880	0
0	521	0
0	698	0
0	2774	0
0	2000	0
0	1826	0
0	1283	0
0	698	0
753	812	699
0	1190	0
0	32	0
78	969	33
1001	1029	925
0	1382	0
0	1283	0
0	52	0
114	930	53
0	72	0
0	72	0
0	71	0
0	71	0
0	71	0
0	71	0
0	71	0
0	71	0
0	71	0
0	71	0
0	1169	0
0	57	0
218	1560	58
0	1505	0
0	344	0
0	1868	0
0	791	0
0	2414	0
0	918	0
975	1570	919
0	1586	0
0	1484	0
0	1049	0
0	911	0
0	689	0
0	1730	0
0	1418	0
0	278	0
0	365	0
0	584	0
0	332	0
0	287	0
0	1004	0
0	496	0
549	585	497
0	1844	0
0	674	0
0	1184	0
0	320	0
624	659	321
0	437	0
0	1523	0
0	1337	0
0	968	0
0	1484	0
0	2228	0
0	2558	0
0	1268	0
0	1469	0
0	956	0
0	1085	0
0	115	0
0	115	0
0	1265	0
0	2531	0
0	170	0
0	2303	0
0	1301	0
0	2447	0
0	701	0
0	3167	0
0	2651	0
0	3891	0
4004	4083	3892
0	2285	0
0	1895	0
0	992	0
0	2465	0
0	134	0
0	137	0
0	137	0
0	1730	0
0	1318	0
1371	1581	1319
0	1385	0
0	2054	0
0	1595	0
0	695	0
0	1430	0
0	1391	0
0	1364	0
0	461	0
0	446	0
0	662	0
0	3017	0
0	1562	0
0	770	0
0	1340	0
0	81	0
0	81	0
0	2516	0
0	2642	0
0	3230	0
0	2066	0
0	263	0
0	839	0
0	549	0
758	1185	550
0	2111	0
0	956	0
0	2312	0
0	5024	0
0	782	0
0	518	0
0	2195	0
0	1235	0
0	1280	0
0	4970	0
0	512	0
0	1433	0
0	3005	0
0	1490	0
0	4046	0
0	1442	0
0	713	0
0	299	0
0	3941	0
0	1109	0
0	668	0
0	1334	0
0	1724	0
0	311	0
0	1490	0
0	4643	0
0	1511	0
0	539	0
605	853	540
0	884	0
0	1145	0
0	797	0
0	10	0
61	736	11
0	941	0
0	71	0
0	71	0
0	1613	0
0	686	0
0	11477	0
0	605	0
0	1745	0
0	1844	0
0	71	0
0	67	0
0	85	0
184	370	86
0	1049	0
0	1130	0
0	1526	0
0	1319	0
0	488	0
0	102	0
0	345	0
488	567	346
0	1244	0
0	206	0
0	1415	0
0	1775	0
0	407	0
0	1010	0
0	561	0
612	1591	562
0	71	0
0	71	0
0	507	0
885	919	508
0	791	0
0	1442	0
0	3107	0
0	1763	0
0	2261	0
0	1097	0
0	1902	0
2009	2058	1903
0	3233	0
0	465	0
581	1545	466
0	1877	0
0	2162	0
0	959	0
0	144	0
217	410	145
0	1685	0
0	16	0
99	813	17
0	1451	0
0	1049	0
0	713	0
0	4055	0
0	1241	0
0	1448	0
0	2372	0
0	362	0
0	1529	0
0	120	0
0	116	0
0	1511	0
0	1790	0
0	302	0
0	950	0
0	683	0
0	1823	0
0	2132	0
0	4553	0
0	1553	0
0	1784	0
0	1817	0
0	2621	0
0	2051	0
0	1010	0
0	1394	0
0	650	0
0	1649	0
0	443	0
491	1033	444
0	1439	0
0	713	0
0	100	0
0	623	0
0	3098	0
0	2945	0
0	1121	0
0	2795	0
0	8	0
64	669	9
0	1655	0
0	872	0
0	1904	0
0	680	0
0	1493	0
0	15	0
79	1778	16
0	740	0
0	806	0
0	2060	0
0	1052	0
0	1655	0
0	1298	0
0	956	0
0	170	0
319	1404	171
0	2519	0
0	1361	0
0	1934	0
0	1369	0
1427	1463	1370
0	22	0
71	1349	23
0	3734	0
0	665	0
0	1232	0
0	332	0
0	4616	0
0	524	0
618	2431	525
2529	2556	2339
0	2405	0
0	1061	0
0	518	0
0	740	0
0	737	0
0	902	0
0	485	0
0	3224	0
0	70	0
199	427	71
0	338	0
472	507	339
0	1766	0
0	9029	0
0	1262	0
0	233	0
0	2300	0
0	602	0
0	1385	0
0	1682	0
0	527	0
0	320	0
0	332	0
0	4679	0
0	944	0
0	2303	0
0	849	0
899	978	850
0	485	0
0	81	0
0	81	0
0	81	0
0	81	0
0	320	0
0	1223	0
0	2282	0
0	1289	0
0	818	0
0	1520	0
0	1037	0
0	917	0
0	545	0
0	2702	0
0	1499	0
0	386	0
0	650	0
0	655	0
978	1518	656
0	1193	0
0	39	0
96	289	40
0	683	0
0	569	0
0	305	0
0	746	0
0	2294	0
0	1211	0
0	2987	0
0	2522	0
0	443	0
0	1652	0
0	983	0
0	482	0
0	1601	0
0	1346	0
0	1130	0
0	977	0
0	761	0
0	2243	0
0	1733	0
0	1322	0
0	1379	0
0	3050	0
0	1298	0
0	443	0
0	3908	0
0	2867	0
0	1213	0
1342	3625	1214
3780	4009	3498
4108	6154	3728
0	2060	0
0	1673	0
0	1382	0
0	1319	0
0	1070	0
0	527	0
0	3965	0
0	608	0
0	4250	0
0	136	0
368	602	137
0	647	0
0	161	0
0	749	0
0	779	0
0	1724	0
0	99	0
1003	1187	100
0	401	0
0	238	0
469	1795	239
0	263	0
0	2000	0
0	1922	0
0	191	0
0	1253	0
0	116	0
0	137	0
0	686	0
0	1409	0
0	185	0
0	194	0
0	145	0
448	529	146
0	685	0
1109	1169	686
0	104	0
186	815	105
0	443	0
0	860	0
0	1406	0
0	4478	0
0	1610	0
0	1349	0
0	2378	0
0	2558	0
0	1496	0
0	491	0
545	604	492
0	758	0
0	914	0
0	1151	0
0	191	0
0	827	0
0	920	0
0	85	0
0	85	0
0	581	0
0	2750	0
0	1544	0
0	1376	0
0	863	0
0	54	0
195	1126	55
0	428	0
0	785	0
0	37	0
99	387	38
0	452	0
0	2243	0
0	1757	0
0	4877	0
0	3869	0
0	1043	0
0	1394	0
0	123	0
226	338	124
0	1568	0
0	2126	0
0	1160	0
0	4580	0
0	455	0
0	239	0
0	698	0
0	1277	0
0	1637	0
0	908	0
0	320	0
0	3566	0
0	4646	0
0	1175	0
0	1769	0
0	998	0
0	545	0
0	1274	0
0	1487	0
0	1499	0
0	1340	0
0	647	0
0	569	0
0	974	0
0	2078	0
0	1640	0
0	1856	0
0	557	0
0	3677	0
0	1538	0
0	653	0
0	1115	0
0	476	0
0	2	0
64	384	3
0	1619	0
0	3005	0
0	1535	0
0	731	0
0	824	0
0	1328	0
0	3521	0
0	1275	0
1337	1347	1276
0	4163	0
0	1820	0
0	1880	0
0	341	0
0	30	0
86	987	31
0	641	0
693	791	642
0	1046	0
0	1208	0
0	1406	0
0	299	0
353	523	300
0	773	0
0	1637	0
0	1043	0
0	1340	0
0	2201	0
0	1574	0
0	860	0
0	1349	0
0	671	0
0	114	0
0	114	0
0	575	0
0	1670	0
0	1358	0
0	1631	0
0	1436	0
0	1508	0
0	1427	0
0	1036	0
1315	1819	1037
0	1100	0
0	635	0
0	797	0
0	3062	0
0	3569	0
0	2524	0
2602	2605	2525
0	3107	0
0	3683	0
0	644	0
0	755	0
0	248	0
0	1760	0
0	1400	0
0	518	0
0	2882	0
0	368	0
437	578	369
655	878	511
0	368	0
0	2789	0
0	1664	0
0	1625	0
0	948	0
1055	2853	949
0	26	0
100	339	27
0	863	0
0	2036	0
0	2039	0
0	461	0
0	542	0
0	647	0
0	401	0
0	500	0
0	218	0
0	170	0
0	2645	0
0	539	0
0	2090	0
0	986	0
0	1223	0
0	1862	0
0	1841	0
0	605	0
0	1616	0
0	557	0
628	1074	558
0	2306	0
0	671	0
0	3341	0
0	3281	0
0	2969	0
0	17	0
85	1968	18
0	1043	0
0	1121	0
0	1145	0
0	2510	0
0	49	0
100	523	50
0	1094	0
0	488	0
0	5003	0
0	2567	0
0	1871	0
0	560	0
0	1562	0
0	836	0
0	1097	0
0	3209	0
0	2564	0
0	677	0
0	1791	0
1889	4354	1792
4414	5027	4258
0	767	0
0	671	0
0	578	0
0	2093	0
0	24	0
128	1449	25
0	719	0
0	43	0
105	813	44
0	782	0
0	3731	0
0	56	0
169	1458	57
0	1718	0
0	1691	0
0	442	0
490	505	443
0	974	0
0	1082	0
0	1574	0
0	728	0
800	1261	729
0	917	0
0	2060	0
0	785	0
0	1160	0
0	2294	0
0	1244	0
0	138	0
186	1525	139
0	1148	0
0	2537	0
0	887	0
0	2324	0
0	446	0
0	1334	0
0	2369	0
0	1730	0
0	3743	0
0	968	0
0	695	0
0	4091	0
0	1427	0
0	1559	0
0	392	0
488	499	393
0	1355	0
0	2918	0
0	1232	0
0	2291	0
0	218	0
0	977	0
0	1538	0
0	788	0
0	2207	0
0	2210	0
0	1325	0
0	953	0
0	1089	0
1413	1672	1090
0	1946	0
0	881	0
0	677	0
0	1730	0
0	401	0
0	971	0
0	1004	0
0	1565	0
0	497	0
0	2021	0
0	1805	0
0	1289	0
0	1331	0
0	2378	0
0	2351	0
0	1214	0
1275	1292	1215
0	1160	0
0	1787	0
0	1289	0
0	812	0
0	1487	0
0	710	0
0	1019	0
0	683	0
0	1340	0
0	2198	0
0	2252	0
0	1304	0
0	599	0
0	851	0
0	1530	0
1595	3435	1531
0	1727	0
0	1955	0
0	5267	0
0	887	0
0	896	0
0	410	0
498	539	411
0	2633	0
0	1526	0
0	1508	0
0	890	0
0	1388	0
0	290	0
0	1184	0
0	740	0
0	911	0
0	1001	0
0	581	0
0	2240	0
0	17	0
83	787	18
0	1922	0
0	83	0
185	1759	84
0	4409	0
0	815	0
0	1340	0
0	821	0
0	1256	0
0	1640	0
1682	2449	1641
0	938	0
0	608	0
0	581	0
0	404	0
0	2	0
55	885	3
0	605	0
0	449	0
0	81	0
0	81	0
0	1460	0
0	443	0
0	368	0
0	485	0
0	2420	0
0	593	0
0	50	0
98	541	51
0	1709	0
0	71	0
0	71	0
0	6233	0
0	2225	0
0	2375	0
0	1310	0
0	2333	0
0	1511	0
0	206	0
0	2360	0
0	1514	0
0	1508	0
0	173	0
0	3122	0
0	218	0
0	1082	0
0	605	0
0	1001	0
0	869	0
0	116	0
0	120	0
0	2510	0
0	1139	0
0	2201	0
0	2189	0
0	785	0
0	788	0
0	1697	0
0	572	0
0	1493	0
0	2474	0
0	1001	0
0	896	0
0	2495	0
0	1748	0
0	2159	0
0	1775	0
0	2633	0
0	1034	0
0	1559	0
0	398	0
0	1010	0
0	884	0
0	1922	0
0	1037	0
0	275	0
0	590	0
0	734	0
0	191	0
0	191	0
0	296	0
0	959	0
0	1184	0
0	1493	0
0	315	0
381	391	316
0	3098	0
3166	4203	3099
0	12	0
64	476	13
0	2234	0
0	812	0
0	707	0
0	974	0
0	344	0
0	1688	0
0	140	0
0	383	0
0	2303	0
0	1583	0
0	998	0
0	1277	0
0	1172	0
0	725	0
0	1097	0
0	460	0
649	673	461
0	359	0
0	1379	0
0	365	0
0	976	0
1075	1417	977
0	51	0
111	655	52
0	3551	0
0	2114	0
0	2351	0
0	2261	0
2324	2374	2262
0	1697	0
0	4877	0
0	2147	0
0	2285	0
0	917	0
0	1091	0
0	79	0
298	853	80
0	94	0
0	71	0
0	71	0
0	1607	0
0	2267	0
2338	2463	2268
0	1304	0
0	1676	0
0	1520	0
0	422	0
0	647	0
0	1502	0
0	896	0
0	737	0
0	839	0
0	587	0
0	662	0
0	1985	0
0	1225	0
1287	2166	1226
0	638	0
0	267	0
324	349	268
0	1706	0
0	1385	0
0	1643	0
0	842	0
0	749	0
0	1046	0
0	1451	0
0	3872	0
0	2969	0
0	344	0
0	1694	0
0	962	0
0	695	0
0	1655	0
0	1736	0
0	1187	0
0	872	0
0	1484	0
0	1097	0
0	2516	0
0	629	0
0	1715	0
0	1109	0
0	2075	0
0	1820	0
0	3113	0
0	1100	0
0	377	0
0	1904	0
0	527	0
0	33	0
88	410	34
0	1295	0
0	2960	0
0	1529	0
0	671	0
0	1136	0
0	398	0
0	392	0
0	953	0
0	2	0
57	435	3
492	553	382
0	2270	0
0	578	0
0	860	0
0	1001	0
0	676	0
737	767	677
0	2201	0
0	1553	0
0	1122	0
1179	1207	1123
0	2369	0
0	1886	0
0	1001	0
0	2393	0
0	2528	0
0	692	0
0	863	0
0	506	0
0	1565	0
0	2489	0
0	740	0
0	3422	0
0	587	0
0	584	0
662	718	585
0	250	0
316	402	251
457	487	338
0	102	0
263	525	103
0	1142	0
0	1487	0
0	1244	0
0	1289	0
0	2180	0
0	1349	0
0	971	0
0	4193	0
0	2077	0
2133	2238	2078
0	20	0
79	822	21
0	1103	0
0	1190	0
0	1340	0
0	953	0
0	767	0
0	2054	0
0	212	0
277	285	213
0	1937	0
0	71	0
0	71	0
0	1154	0
0	2636	0
0	45	0
245	843	46
0	1242	0
1312	1631	1243
0	2219	0
0	1052	0
0	1397	0
0	27	0
86	408	28
0	1103	0
0	398	0
0	2021	0
0	467	0
0	2351	0
0	1526	0
0	434	0
0	392	0
0	155	0
0	500	0
558	587	501
0	1142	0
0	386	0
0	1985	0
0	1754	0
0	1646	0
0	1556	0
0	695	0
0	1631	0
0	2033	0
0	566	0
0	518	0
0	2684	0
0	809	0
0	1640	0
0	548	0
0	764	0
0	1922	0
0	2666	0
0	530	0
0	593	0
0	749	0
0	557	0
0	99	0
0	99	0
0	1364	0
0	1577	0
0	2621	0
0	2348	0
0	1859	0
0	542	0
0	2384	0
0	1544	0
0	1385	0
0	1535	0
0	956	0
0	2669	0
0	938	0
0	1616	0
0	1718	0
0	2189	0
0	1643	0
0	1391	0
0	737	0
0	1448	0
0	503	0
0	1235	0
0	269	0
0	1562	0
0	905	0
0	533	0
0	1043	0
0	5660	0
0	3611	0
0	797	0
0	4592	0
0	2279	0
0	428	0
0	2432	0
0	524	0
0	701	0
0	1043	0
0	1813	0
1865	1895	1814
0	758	0
0	836	0
0	1178	0
0	1088	0
0	668	0
0	734	0
0	1058	0
0	1637	0
0	1643	0
0	2102	0
0	91	0
0	91	0
0	761	0
0	878	0
0	950	0
0	371	0
0	1682	0
0	1286	0
0	7253	0
0	479	0
0	956	0
0	935	0
0	1553	0
0	1115	0
0	3068	0
0	1340	0
0	701	0
0	1574	0
0	4	0
56	308	5
0	1172	0
0	1679	0
0	10	0
66	474	11
0	407	0
0	1736	0
0	530	0
0	1280	0
0	845	0
0	2675	0
0	1133	0
0	899	0
0	599	0
0	1508	0
0	893	0
0	1298	0
0	1859	0
0	4289	0
0	1679	0
0	422	0
490	534	423
0	707	0
0	3623	0
0	2156	0
0	1829	0
0	974	0
0	527	0
0	1769	0
0	1911	0
1963	1967	1912
0	6440	0
0	1082	0
0	1655	0
0	51	0
109	584	52
0	1838	0
0	389	0
0	518	0
0	5570	0
0	1082	0
0	1157	0
0	2915	0
0	2040	0
2153	4032	2041
0	2120	0
0	83	0
0	83	0
0	773	0
0	2822	0
0	587	0
0	165	0
0	974	0
0	2222	0
0	890	0
0	1133	0
0	1454	0
0	2882	0
0	28	0
88	244	29
0	2279	0
0	1976	0
0	332	0
0	986	0
0	1913	0
0	71	0
134	3277	72
0	1649	0
0	974	0
0	329	0
0	440	0
0	260	0
0	2003	0
0	1025	0
0	1949	0
0	4628	0
0	1598	0
0	2090	0
0	2726	0
0	1031	0
0	1121	0
0	3266	0
0	1559	0
0	1868	0
1920	1940	1869
0	491	0
0	593	0
0	245	0
576	578	246
0	962	0
0	653	0
0	731	0
0	1124	0
0	1697	0
0	2837	0
0	584	0
0	2390	0
0	827	0
0	2855	0
0	29	0
82	945	30
0	668	0
0	1994	0
0	3242	0
0	605	0
0	1634	0
0	806	0
0	403	0
469	502	404
0	4262	0
0	2657	0
0	1019	0
0	935	0
0	1547	0
0	2885	0
0	1409	0
0	614	0
0	1727	0
0	1074	0
1122	1774	1075
0	5636	0
0	2696	0
0	335	0
0	3221	0
0	1400	0
0	2390	0
0	599	0
0	2036	0
0	2417	0
0	644	0
0	734	0
0	1991	0
0	1361	0
0	1385	0
0	1097	0
0	1784	0
0	440	0
0	950	0
0	3026	0
0	2243	0
0	2071	0
2124	2169	2072
0	1616	0
0	617	0
0	2309	0
0	728	0
0	1172	0
0	1184	0
0	677	0
0	476	0
0	1400	0
0	1019	0
0	374	0
0	401	0
0	971	0
0	788	0
0	1958	0
0	2201	0
0	686	0
0	4487	0
0	617	0
0	935	0
0	3242	0
0	2291	0
0	1541	0
0	1025	0
0	1001	0
0	815	0
0	287	0
0	1958	0
0	2183	0
0	860	0
0	3701	0
0	806	0
0	2291	0
0	779	0
0	299	0
0	1937	0
0	435	0
489	526	436
0	902	0
0	1682	0
0	227	0
320	328	228
0	2291	0
0	1382	0
0	1421	0
0	518	0
0	2483	0
0	1070	0
0	623	0
0	1130	0
0	1946	0
0	1403	0
0	449	0
0	1481	0
0	641	0
0	1133	0
0	1100	0
0	1445	0
0	434	0
499	501	435
0	308	0
319	1047	309
0	533	0
0	1043	0
0	1670	0
0	493	0
571	925	494
0	3089	0
0	824	0
0	452	0
0	1082	0
0	4400	0
0	12449	0
0	1754	0
0	956	0
0	188	0
0	2120	0
0	1208	0
0	1013	0
0	1043	0
0	194	0
0	1769	0
0	1604	0
0	710	0
0	473	0
0	857	0
0	608	0
0	4331	0
0	85	0
0	85	0
0	3110	0
0	446	0
497	499	447
0	1352	0
0	881	0
0	707	0
0	290	0
0	2423	0
0	1655	0
0	884	0
0	1121	0
0	2198	0
0	2006	0
0	2876	0
0	1517	0
0	1454	0
0	523	0
567	918	524
0	1793	0
0	1373	0
0	1862	0
0	1823	0
0	1076	0
0	2708	0
0	851	0
0	1076	0
0	2705	0
0	446	0
0	407	0
637	639	408
0	1337	0
0	1250	0
0	1226	0
0	785	0
0	461	0
0	1229	0
0	2105	0
0	1163	0
0	1889	0
0	1376	0
0	341	0
403	1674	342
0	305	0
0	653	0
0	1058	0
0	1499	0
0	1016	0
0	3410	0
0	809	0
0	1205	0
0	2321	0
0	1049	0
0	11	0
315	5025	12
5076	5467	4723
0	2936	0
0	1280	0
0	1754	0
0	554	0
0	707	0
0	950	0
1006	1071	951
0	1841	0
0	1670	0
0	1232	0
0	980	0
0	348	0
395	459	349
0	848	0
0	839	0
0	4577	0
0	4208	0
0	467	0
0	467	0
0	1079	0
0	1829	0
0	1889	0
0	1058	0
0	272	0
0	728	0
0	1163	0
0	1997	0
0	18	0
84	1105	19
0	1274	0
0	4019	0
0	749	0
0	2174	0
0	2114	0
0	1580	0
0	70	0
0	70	0
0	842	0
0	2712	0
2752	4325	2713
0	2729	0
0	3382	0
3484	3670	3383
0	413	0
0	599	0
0	553	0
597	1095	554
0	2447	0
0	1760	0
0	2249	0
0	674	0
712	1014	675
0	1238	0
0	1718	0
0	26	0
131	1891	27
0	368	0
0	1622	0
0	1691	0
0	1103	0
0	1403	0
0	73	0
0	149	0
0	926	0
0	1964	0
0	1415	0
0	986	0
0	623	0
0	851	0
0	1448	0
0	1190	0
0	4922	0
0	3719	0
0	965	0
0	3185	0
0	485	0
0	506	0
0	2765	0
0	1826	0
0	2501	0
0	1409	0
0	713	0
0	413	0
0	3242	0
0	1373	0
0	293	0
0	1838	0
0	1817	0
0	497	0
0	350	0
0	2936	0
0	479	0
0	1049	0
0	3062	0
0	2873	0
0	1673	0
0	2252	0
0	3185	0
0	680	0
740	796	681
0	602	0
0	1172	0
0	449	0
0	851	0
0	2510	0
0	2765	0
0	37	0
94	634	38
0	1208	0
0	851	0
0	4328	0
0	623	0
0	1361	0
0	6	0
65	750	7
0	82	0
0	82	0
0	407	0
0	611	0
0	452	0
0	1844	0
0	1070	0
0	935	0
0	1334	0
0	2195	0
0	1058	0
0	974	0
0	455	0
0	215	0
0	992	0
0	983	0
0	2087	0
0	938	0
0	1136	0
0	1445	0
0	1091	0
0	950	0
0	78	0
0	83	0
0	77	0
0	326	0
0	1811	0
0	1733	0
0	1478	0
0	644	0
0	848	0
0	1643	0
0	1628	0
0	1313	0
0	1295	0
0	551	0
0	1871	0
0	1527	0
1562	3191	1528
3245	3875	3158
0	539	0
0	2042	0
0	512	0
0	2288	0
2336	2611	2289
0	437	0
0	1343	0
0	2810	0
0	3608	0
3665	3679	3609
0	1178	0
0	2249	0
0	308	0
0	1391	0
0	2327	0
0	515	0
0	1043	0
0	4454	0
0	299	0
0	7166	0
0	2414	0
0	2237	0
0	4715	0
0	1190	0
0	830	0
0	2066	0
0	1028	0
0	100	0
160	337	101
0	824	0
0	665	0
0	770	0
0	983	0
0	1161	0
1212	1627	1162
0	920	0
0	2300	0
0	1583	0
0	875	0
0	2168	0
0	566	0
0	458	0
0	1223	0
1270	1743	1224
0	116	0
0	120	0
0	962	0
0	917	0
0	650	0
0	1060	0
1108	1288	1061
0	1244	0
0	1028	0
0	1412	0
0	1943	0
0	593	0
0	2156	0
0	1100	0
0	1214	0
0	4940	0
0	1434	0
1483	2342	1435
0	1268	0
0	224	0
0	191	0
0	1991	0
0	3908	0
0	206	0
0	275	0
0	368	0
0	2447	0
0	1838	0
0	2366	0
0	356	0
0	1316	0
0	359	0
0	512	0
0	2519	0
0	116	0
0	120	0
0	851	0
0	371	0
0	1115	0
0	1016	0
0	1073	0
0	552	0
590	702	553
0	2327	0
0	1073	0
0	404	0
0	959	0
0	3233	0
0	1625	0
0	551	0
0	647	0
0	788	0
0	120	0
0	120	0
0	842	0
0	2138	0
0	644	0
0	515	0
0	419	0
0	1022	0
0	1373	0
0	3356	0
0	845	0
0	2960	0
0	1235	0
0	467	0
534	542	468
0	1250	0
0	1031	0
0	2804	0
0	409	0
461	494	410
0	1970	0
0	2096	0
0	1256	0
0	1859	0
0	587	0
0	560	0
0	662	0
0	2939	0
0	1307	0
0	1139	0
0	90	0
0	90	0
0	1082	0
0	2099	0
0	1322	0
0	1697	0
0	2	0
68	325	3
0	1694	0
0	506	0
0	1142	0
0	1349	0
0	476	0
0	1436	0
0	1046	0
0	1784	0
0	401	0
0	1556	0
0	1052	0
0	1613	0
0	311	0
0	413	0
0	437	0
0	605	0
0	2093	0
0	1379	0
0	467	0
0	851	0
0	1136	0
0	1334	0
0	1469	0
0	541	0
659	2623	542
2684	2699	2507
0	1106	0
0	941	0
0	1667	0
0	1730	0
0	1052	0
0	1587	0
1698	3442	1588
0	2882	0
0	1790	0
0	581	0
0	455	0
0	1265	0
0	1337	0
0	899	0
0	728	0
0	1148	0
0	788	0
0	1274	0
0	1265	0
0	1436	0
0	1964	0
0	1286	0
0	1679	0
0	698	0
0	185	0
0	217	0
288	2766	218
0	1112	0
0	1310	0
0	2285	0
0	115	0
570	1965	116
0	1325	0
0	1685	0
0	1031	0
0	1046	0
0	830	0
0	1363	0
1583	1631	1364
0	416	0
0	1346	0
0	644	0
0	362	0
0	1133	0
0	73	0
0	1088	0
0	2108	0
0	2792	0
0	192	0
250	2267	193
0	1040	0
0	911	0
0	1448	0
0	75	0
600	1780	76
0	484	0
550	664	485
0	1387	0
1426	1849	1388
0	425	0
0	2804	0
0	6647	0
0	1646	0
0	626	0
0	311	0
0	641	0
0	1505	0
0	359	0
0	857	0
0	737	0
0	1148	0
0	1325	0
0	1421	0
0	1532	0
0	1076	0
0	785	0
0	3719	0
0	1130	0
0	578	0
0	1241	0
0	1058	0
0	189	0
248	399	190
0	1430	0
0	314	0
0	1178	0
0	977	0
0	2657	0
0	785	0
0	49	0
100	760	50
0	1601	0
0	1130	0
0	1577	0
0	4229	0
0	1205	0
0	317	0
0	812	0
0	308	0
497	700	309
0	1205	0
0	908	0
0	806	0
0	1190	0
0	560	0
0	2204	0
0	404	0
483	557	405
0	1988	0
0	2903	0
0	1088	0
0	200	0
0	2078	0
0	2423	0
0	5936	0
0	3137	0
0	571	0
622	892	572
0	1013	0
0	287	0
0	8	0
63	725	9
0	986	0
0	2162	0
0	209	0
251	1234	210
0	545	0
0	893	0
0	1424	0
0	2246	0
0	1577	0
0	518	0
0	138	0
0	83	0
0	428	0
0	1373	0
0	1067	0
0	1067	0
0	48	0
101	663	49
0	728	0
0	869	0
0	1580	0
0	2930	0
0	2138	0
0	347	0
0	2276	0
0	617	0
0	314	0
0	1184	0
0	527	0
0	893	0
0	898	0
930	2244	899
0	46	0
96	1608	47
0	1208	0
0	1412	0
0	833	0
0	1295	0
0	878	0
0	959	0
0	5813	0
0	687	0
737	2367	688
0	458	0
0	1856	0
0	938	0
0	1274	0
0	503	0
0	668	0
0	755	0
0	620	0
0	1925	0
0	2	0
58	771	3
0	2622	0
2709	2788	2623
0	977	0
0	1460	0
0	1661	0
0	974	0
0	5399	0
0	1286	0
0	2015	0
0	1178	0
0	959	0
0	1226	0
0	1481	0
1538	1570	1482
0	2546	0
0	71	0
0	71	0
0	72	0
0	72	0
0	1646	0
0	2546	0
0	6623	0
0	1841	0
0	443	0
0	893	0
0	458	0
0	2300	0
0	656	0
0	1796	0
0	455	0
0	422	0
0	887	0
0	1763	0
0	911	0
0	542	0
0	3524	0
0	2387	0
0	2213	0
0	1301	0
0	839	0
0	1310	0
0	1967	0
0	554	0
0	1388	0
0	1877	0
0	1925	0
0	3557	0
0	70	0
0	70	0
0	794	0
0	1247	0
0	200	0
0	1565	0
0	239	0
0	299	0
0	2180	0
0	305	0
0	1523	0
0	53	0
477	1007	54
0	1787	0
0	1613	0
0	1064	0
0	196	0
237	935	197
967	1462	896
0	46	0
265	707	47
744	961	490
0	26	0
62	364	27
0	196	0
253	416	197
446	1176	361
0	357	0
484	731	358
1106	1270	606
0	2174	0
0	1061	0
0	2024	0
0	1139	0
0	755	0
0	1709	0
0	1352	0
0	959	0
0	1805	0
0	1622	0
0	2051	0
0	389	0
0	896	0
0	1973	0
0	1625	0
0	1619	0
0	1763	0
0	120	0
0	116	0
0	4424	0
0	1724	0
0	812	0
860	886	813
0	1397	0
0	902	0
0	1127	0
0	884	0
0	71	0
0	71	0
0	1166	0
0	4022	0
0	1385	0
0	97	0
0	791	0
0	1382	0
0	9926	0
0	1637	0
0	2180	0
0	2453	0
0	680	0
0	152	0
0	1232	0
0	1025	0
0	962	0
0	944	0
0	545	0
0	1145	0
0	161	0
214	315	162
0	563	0
0	44	0
133	1389	45
0	242	0
294	356	243
0	260	0
0	2315	0
0	737	0
0	962	0
0	1706	0
0	1538	0
0	5084	0
0	566	0
0	359	0
0	1709	0
0	1889	0
0	2129	0
0	899	0
0	1748	0
0	1748	0
0	2219	0
0	806	0
0	1505	0
0	1262	0
0	72	0
0	72	0
0	2015	0
0	941	0
0	911	0
0	944	0
0	29	0
82	2202	30
0	3377	0
0	1310	0
0	1988	0
2081	2608	1989
0	2789	0
0	1691	0
0	794	0
0	1385	0
0	1094	0
0	329	0
0	614	0
0	1853	0
0	2999	0
0	1820	0
0	2663	0
0	251	0
832	1058	252
1115	1325	479
0	329	0
0	1160	0
0	908	0
0	773	0
0	497	0
0	470	0
0	548	0
0	323	0
0	367	0
482	494	368
0	1289	0
0	1484	0
0	863	0
0	1964	0
0	1733	0
0	1346	0
0	29	0
86	829	30
0	767	0
0	571	0
744	2400	572
0	1355	0
0	3842	0
0	1883	0
0	1157	0
0	1118	0
0	293	0
0	488	0
0	452	0
0	1478	0
0	1562	0
0	506	0
0	2156	0
0	3323	0
0	722	0
0	569	0
0	1946	0
0	929	0
0	1265	0
1319	2305	1266
0	1160	0
0	1295	0
0	7	0
213	342	8
0	183	0
0	183	0
0	1097	0
0	1025	0
0	857	0
0	689	0
0	1766	0
0	1001	0
0	195	0
0	614	0
0	1769	0
0	1211	0
0	2612	0
0	4850	0
0	1310	0
0	599	0
0	446	0
0	389	0
0	1601	0
0	731	0
0	644	0
0	2774	0
0	779	0
0	881	0
0	155	0
224	271	156
0	1922	0
0	728	0
0	1223	0
0	1973	0
0	1639	0
1732	1780	1640
0	577	0
634	676	578
0	638	0
0	944	0
0	2195	0
0	423	0
477	502	424
0	590	0
0	1478	0
0	3581	0
0	1663	0
1875	1959	1664
0	1103	0
0	1286	0
0	1739	0
0	1196	0
0	881	0
0	1178	0
0	1532	0
0	1544	0
0	1895	0
0	1622	0
0	1403	0
0	175	0
280	1582	176
0	72	0
0	72	0
0	875	0
0	1265	0
0	258	0
304	362	259
0	1682	0
0	1535	0
0	173	0
251	574	174
0	1037	0
0	602	0
0	3	0
202	518	4
0	1970	0
0	72	0
0	72	0
0	215	0
0	941	0
0	869	0
0	1589	0
0	818	0
0	1463	0
0	1823	0
0	971	0
0	753	0
809	2553	754
0	881	0
0	1586	0
0	650	0
0	1154	0
0	2507	0
0	2429	0
0	1253	0
0	1961	0
0	1682	0
0	13	0
150	1008	14
0	1142	0
0	1211	0
0	2738	0
0	1247	0
0	947	0
0	1382	0
0	2408	0
0	4124	0
0	482	0
0	689	0
0	2108	0
0	1412	0
0	776	0
0	2516	0
0	1472	0
0	1532	0
0	105	0
179	1614	106
0	908	0
0	1130	0
0	815	0
0	1973	0
0	611	0
0	554	0
0	9	0
349	362	10
621	1727	24
0	956	0
0	1571	0
0	776	0
0	524	0
0	842	0
0	992	0
0	5	0
65	586	6
0	881	0
0	710	0
0	1379	0
0	1136	0
0	2291	0
0	2030	0
0	303	0
363	415	304
0	76	0
180	381	77
459	4529	279
0	1190	0
0	1379	0
0	1181	0
0	473	0
0	476	0
0	1157	0
0	1370	0
0	1571	0
0	1310	0
0	905	0
0	1631	0
0	755	0
0	35	0
88	1311	36
0	2753	0
0	1127	0
0	61	0
162	1122	62
0	608	0
0	911	0
0	809	0
0	1124	0
0	579	0
636	3436	580
0	1646	0
0	857	0
0	1235	0
0	1106	0
0	21	0
182	926	22
994	1591	767
0	563	0
0	543	0
657	1801	544
0	857	0
0	926	0
0	610	0
668	701	611
0	1142	0
0	1160	0
0	107	0
0	107	0
0	1478	0
0	1802	0
0	2357	0
0	1004	0
0	599	0
0	203	0
0	2024	0
0	1679	0
0	1928	0
0	73	0
0	73	0
0	2417	0
0	1526	0
0	839	0
0	287	0
0	503	0
0	662	0
1214	1402	663
0	1097	0
0	3965	0
0	1499	0
0	1271	0
0	419	0
0	1355	0
0	2492	0
0	902	0
0	3629	0
0	1583	0
0	1688	0
0	2621	0
0	90	0
0	90	0
0	1331	0
0	116	0
0	120	0
0	1421	0
0	938	0
0	1790	0
0	734	0
0	72	0
0	72	0
0	1874	0
0	2048	0
0	1331	0
0	752	0
0	1535	0
0	1166	0
0	106	0
217	1924	107
0	72	0
0	72	0
0	35	0
88	1023	36
0	58	0
129	1398	59
0	1793	0
0	986	0
0	3134	0
0	800	0
0	254	0
362	1599	255
1700	3769	1493
3816	4287	3563
0	1376	0
0	2069	0
0	12	0
90	634	13
741	896	558
0	621	0
741	1288	622
0	197	0
0	1862	0
0	827	0
0	4337	0
0	1130	0
0	944	0
0	548	0
0	1	0
200	476	2
0	740	0
0	869	0
0	617	0
0	1067	0
0	2024	0
0	2543	0
0	518	0
0	2276	0
0	533	0
0	104	0
162	1163	105
0	1520	0
0	3812	0
0	983	0
0	3311	0
0	3320	0
0	1289	0
0	809	0
0	1373	0
0	2306	0
0	1022	0
0	1088	0
0	189	0
233	399	190
0	1526	0
1594	1695	1527
0	785	0
0	629	0
0	1529	0
0	791	0
0	482	0
539	580	483
0	1511	0
0	659	0
0	114	0
174	478	115
0	857	0
0	428	0
0	1937	0
0	1571	0
0	1943	0
0	1157	0
0	896	0
0	3653	0
0	92	0
139	1596	93
0	1979	0
0	1151	0
0	908	0
0	1889	0
0	71	0
0	71	0
0	1529	0
0	371	0
0	1961	0
0	1229	0
0	1229	0
0	1196	0
0	1166	0
0	1157	0
0	791	0
0	263	0
0	1706	0
0	899	0
0	740	0
0	1241	0
0	608	0
0	527	0
0	1118	0
0	452	0
0	1088	0
0	4157	0
0	1940	0
0	1037	0
0	1811	0
0	1748	0
0	2933	0
0	1907	0
0	971	0
0	1265	0
0	2111	0
0	1469	0
0	1154	0
0	1034	0
0	188	0
0	1916	0
0	2018	0
0	539	0
0	1100	0
0	28	0
77	1082	29
0	2813	0
0	1088	0
0	2630	0
0	1304	0
0	407	0
0	2957	0
0	632	0
0	1739	0
0	1181	0
0	758	0
0	1400	0
0	1583	0
0	1604	0
0	2276	0
0	2861	0
0	1013	0
0	1382	0
0	488	0
0	1859	0
0	1058	0
0	614	0
0	1598	0
0	72	0
0	72	0
0	299	0
0	32	0
93	227	33
0	917	0
0	1460	0
0	4355	0
0	551	0
0	130	0
405	2376	131
0	1118	0
0	2645	0
0	1766	0
0	1658	0
0	473	0
0	1097	0
0	917	0
0	851	0
0	1064	0
0	1064	0
0	1064	0
0	1064	0
0	726	0
776	810	727
0	419	0
0	1712	0
0	2168	0
0	863	0
0	311	0
0	1682	0
0	1229	0
0	1205	0
0	38	0
105	1532	39
0	15	0
173	1320	16
0	1724	0
0	698	0
0	308	0
0	2945	0
0	1067	0
0	1112	0
0	542	0
0	809	0
0	1580	0
0	668	0
0	72	0
0	72	0
0	69	0
119	2193	70
0	773	0
0	1070	0
0	674	0
0	362	0
0	821	0
0	1478	0
0	1700	0
0	1847	0
0	968	0
0	743	0
0	861	0
923	1230	862
0	1532	0
0	755	0
0	1409	0
0	2378	0
0	1343	0
0	1406	0
0	3482	0
0	1379	0
0	2561	0
0	2684	0
0	71	0
0	71	0
0	84	0
128	387	85
0	2258	0
0	767	0
0	2444	0
0	2669	0
0	1538	0
0	1121	0
0	2240	0
0	410	0
0	674	0
0	2729	0
0	1337	0
0	1817	0
0	1073	0
0	4637	0
0	1586	0
0	728	0
0	1556	0
0	455	0
0	1676	0
0	1625	0
0	2327	0
0	869	0
0	1544	0
0	1388	0
0	1577	0
0	860	0
0	2867	0
0	1661	0
0	50	0
117	431	51
0	1070	0
0	1697	0
0	4610	0
0	2900	0
0	33	0
102	304	34
0	1130	0
0	120	0
0	116	0
0	1685	0
0	148	0
0	92	0
0	1334	0
0	578	0
0	1310	0
0	1343	0
0	3026	0
0	929	0
0	812	0
0	665	0
0	1151	0
0	1820	0
0	1226	0
0	3335	0
0	2966	0
0	401	0
0	1313	0
0	1781	0
0	2417	0
0	1208	0
0	428	0
0	845	0
0	995	0
0	692	0
0	776	0
0	1715	0
0	992	0
0	548	0
0	764	0
0	448	0
557	2792	449
0	1691	0
0	932	0
0	1331	0
0	529	0
799	4285	530
0	1865	0
0	1277	0
0	632	0
0	1139	0
0	178	0
0	178	0
0	896	0
0	1172	0
0	1085	0
0	5231	0
0	2027	0
0	926	0
0	1583	0
0	962	0
0	1733	0
0	1082	0
0	1010	0
0	1422	0
1677	1813	1423
2069	2149	1560
0	1487	0
0	959	0
0	2003	0
0	1046	0
0	326	0
0	3068	0
0	512	0
0	614	0
0	1916	0
0	434	0
0	1283	0
0	563	0
0	626	0
0	734	0
0	1130	0
0	71	0
0	71	0
0	1718	0
0	1859	0
0	1211	0
0	239	0
375	398	240
0	1238	0
0	824	0
0	1385	0
0	2591	0
0	1013	0
0	1004	0
0	1106	0
0	1025	0
0	7	0
58	3490	8
0	1962	0
2111	6498	1963
0	644	0
0	1505	0
0	1271	0
0	686	0
0	1646	0
0	740	0
0	1658	0
0	2882	0
0	458	0
0	1076	0
0	1127	0
0	830	0
0	470	0
505	669	471
0	760	0
823	1192	761
0	1609	0
1729	2557	1610
0	1028	0
0	2225	0
0	1826	0
0	1199	0
0	905	0
0	449	0
0	761	0
0	2762	0
0	2435	0
0	860	0
0	1040	0
0	1436	0
0	2414	0
0	1604	0
0	1241	0
0	2180	0
0	1313	0
0	1253	0
0	821	0
0	170	0
221	514	171
0	800	0
0	2204	0
0	1529	0
0	3482	0
0	2354	0
0	5114	0
0	1466	0
0	1037	0
0	241	0
322	1678	242
0	111	0
0	111	0
0	1241	0
0	10	0
62	815	11
0	4508	0
0	2243	0
0	104	0
218	385	105
448	1188	273
0	3023	0
0	2185	0
2265	2904	2186
0	1208	0
0	2381	0
0	4699	0
4811	4880	4700
0	1292	0
0	1901	0
0	7	0
68	695	8
0	458	0
0	37	0
86	488	38
0	998	0
0	599	0
0	1556	0
0	3053	0
0	2909	0
0	341	0
0	72	0
0	72	0
0	1187	0
0	2489	0
0	956	0
0	1181	0
1282	1698	1182
0	1568	0
0	1730	0
0	351	0
549	1432	352
0	866	0
0	875	0
0	350	0
0	1325	0
0	641	0
0	1022	0
0	875	0
0	1997	0
0	632	0
0	443	0
0	1091	0
0	950	0
0	1388	0
0	24	0
110	966	25
0	689	0
0	941	0
0	752	0
0	2270	0
0	2012	0
2084	4573	2013
0	1310	0
0	704	0
0	1889	0
0	2	0
117	887	3
0	1616	0
0	2147	0
0	359	0
0	1607	0
0	752	0
0	3038	0
0	32	0
95	754	33
0	2576	0
0	1319	0
0	935	0
0	824	0
0	614	0
0	443	0
0	2894	0
0	3575	0
0	1466	0
0	3878	0
0	857	0
0	1625	0
0	764	0
0	602	0
0	452	0
0	644	0
0	1343	0
0	749	0
0	911	0
0	102	0
157	524	103
0	2999	0
0	3461	0
0	73	0
0	73	0
0	9	0
61	926	10
0	848	0
0	1841	0
0	2798	0
0	1685	0
0	1622	0
0	1280	0
0	311	0
0	70	0
0	70	0
0	1859	0
0	845	0
0	2285	0
0	1805	0
0	1391	0
0	32	0
119	1537	33
0	557	0
0	884	0
0	959	0
0	148	0
209	242	149
0	728	0
0	1655	0
0	650	0
0	1226	0
0	2375	0
0	1394	0
0	1814	0
0	665	0
0	3218	0
0	1343	0
0	920	0
0	1688	0
0	3908	0
0	2534	0
0	1349	0
0	2247	0
2288	2391	2248
0	665	0
0	839	0
0	141	0
203	1062	142
0	1892	0
0	764	0
0	593	0
0	2924	0
0	527	0
583	633	528
0	1337	0
0	980	0
0	2360	0
0	1115	0
0	1736	0
0	2225	0
0	2432	0
0	1088	0
0	6329	0
0	1649	0
0	1553	0
0	215	0
0	584	0
0	638	0
0	290	0
0	2111	0
0	1766	0
0	2381	0
0	773	0
0	1946	0
0	560	0
0	86	0
0	86	0
0	71	0
0	71	0
0	1739	0
0	674	0
0	1193	0
0	1016	0
0	2129	0
0	2078	0
0	1604	0
0	1520	0
0	1188	0
1295	1341	1189
0	1400	0
0	1691	0
0	73	0
0	73	0
0	746	0
0	3431	0
0	2762	0
0	90	0
0	90	0
0	2357	0
0	1658	0
0	1103	0
0	2828	0
0	1091	0
0	449	0
0	1448	0
0	863	0
0	1043	0
0	1232	0
0	6	0
67	1328	7
0	90	0
0	90	0
0	1958	0
0	1787	0
0	2516	0
0	3410	0
0	626	0
0	1634	0
0	434	0
0	737	0
798	842	738
0	2627	0
0	1448	0
0	2555	0
2643	5666	2556
0	236	0
315	512	237
0	2489	0
0	2315	0
0	746	0
0	70	0
0	70	0
0	368	0
0	962	0
0	2177	0
0	2123	0
0	836	0
0	2123	0
0	2666	0
0	314	0
0	73	0
0	73	0
0	958	0
1007	1031	959
0	1574	0
0	1811	0
0	1826	0
0	1661	0
0	1682	0
0	992	0
0	1202	0
0	2984	0
0	1475	0
0	1712	0
0	1433	0
0	1888	0
1968	3279	1889
0	5081	0
0	2069	0
0	674	0
0	356	0
0	893	0
0	1391	0
0	3089	0
0	602	0
0	1385	0
0	71	0
0	71	0
0	2696	0
0	3764	0
0	72	0
133	698	73
0	422	0
0	1130	0
0	383	0
0	1154	0
0	1694	0
0	1353	0
1470	2647	1354
0	1838	0
0	899	0
0	515	0
0	587	0
0	1061	0
0	422	0
0	1094	0
0	3665	0
0	2249	0
0	407	0
0	2003	0
0	1541	0
0	1001	0
0	1154	0
0	1436	0
0	1172	0
0	1487	0
0	1061	0
0	1238	0
0	1424	0
0	2759	0
0	425	0
0	1805	0
0	452	0
0	629	0
0	1529	0
0	302	0
0	1337	0
0	592	0
710	2246	593
0	2051	0
0	1550	0
0	1394	0
0	72	0
0	72	0
0	1280	0
0	2450	0
0	1352	0
0	2747	0
0	538	0
623	677	539
0	1064	0
0	785	0
0	1607	0
0	1346	0
0	1169	0
0	230	0
285	470	231
0	1088	0
0	2498	0
0	731	0
0	260	0
0	2039	0
0	1163	0
0	785	0
0	224	0
0	1067	0
0	3920	0
0	848	0
0	902	0
0	989	0
0	965	0
0	1805	0
0	1100	0
0	1526	0
0	653	0
1462	2652	654
0	923	0
0	503	0
0	36	0
104	3954	37
0	2579	0
0	1001	0
0	497	0
0	1370	0
0	1802	0
0	4352	0
0	71	0
0	71	0
0	2681	0
0	1631	0
0	1097	0
0	815	0
878	892	816
0	2390	0
0	1688	0
0	2963	0
0	1103	0
0	1514	0
0	938	0
0	1916	0
0	1601	0
0	38	0
89	385	39
0	977	0
0	629	0
0	85	0
0	85	0
0	58	0
0	647	0
0	527	0
0	731	0
0	935	0
0	1016	0
0	1766	0
0	14	0
69	866	15
0	2	0
114	857	3
0	680	0
0	2972	0
0	1085	0
0	1028	0
0	896	0
0	1547	0
0	425	0
0	398	0
0	794	0
0	311	0
0	1460	0
0	995	0
0	1337	0
0	923	0
0	1670	0
0	1199	0
0	88	0
0	1199	0
0	1232	0
0	1094	0
0	827	0
0	2450	0
0	533	0
0	1406	0
0	608	0
0	746	0
0	1076	0
0	836	0
0	698	0
0	1619	0
0	1493	0
0	680	0
0	1034	0
0	1991	0
0	1526	0
0	908	0
0	950	0
0	944	0
0	1493	0
0	992	0
0	1982	0
0	959	0
0	3539	0
0	3449	0
0	371	0
0	1076	0
0	896	0
0	44	0
432	1253	45
0	692	0
0	1736	0
0	518	0
0	1787	0
0	749	0
0	875	0
0	1709	0
0	1142	0
0	1010	0
0	860	0
0	1349	0
0	61	0
434	523	62
575	1826	152
0	1388	0
0	923	0
0	1208	0
0	851	0
0	77	0
135	362	78
0	1220	0
0	1805	0
0	2042	0
0	962	0
0	311	0
0	1001	0
0	1772	0
0	770	0
0	446	0
0	6416	0
0	1757	0
0	1382	0
0	2582	0
0	1925	0
0	1121	0
1236	1253	1122
0	1433	0
0	989	0
0	1187	0
0	1433	0
0	1127	0
0	614	0
0	3134	0
0	1757	0
0	485	0
0	1097	0
0	2303	0
0	468	0
532	545	469
0	380	0
0	2876	0
0	1841	0
0	2252	0
0	2250	0
2358	3472	2251
0	437	0
0	452	0
539	553	453
0	3194	0
0	1043	0
0	461	0
0	1094	0
0	1577	0
0	1151	0
0	7658	0
0	421	0
485	530	422
0	398	0
0	869	0
0	713	0
0	503	0
0	2309	0
0	1196	0
0	1430	0
0	1553	0
0	2498	0
0	2132	0
0	875	0
0	431	0
0	1217	0
0	1307	0
0	2351	0
0	98	0
0	98	0
0	73	0
0	73	0
0	650	0
0	542	0
0	1367	0
0	350	0
0	1235	0
0	1088	0
0	1703	0
0	187	0
285	1545	188
0	7283	0
0	1589	0
0	998	0
0	1154	0
0	380	0
0	647	0
0	626	0
0	1712	0
0	803	0
0	4244	0
0	659	0
0	3218	0
0	1232	0
0	1808	0
1871	2320	1809
0	2000	0
0	1160	0
0	1760	0
0	1502	0
0	1113	0
1154	2454	1114
0	1724	0
0	1742	0
0	572	0
0	665	0
0	1691	0
0	914	0
0	737	0
0	1172	0
0	764	0
0	3488	0
0	1031	0
0	1667	0
0	1205	0
0	1724	0
0	932	0
0	815	0
0	1484	0
0	154	0
0	803	0
0	2234	0
0	1667	0
0	281	0
342	437	282
0	1304	0
0	668	0
0	232	0
295	337	233
0	2165	0
0	392	0
0	530	0
0	989	0
0	1295	0
0	878	0
0	1103	0
0	1333	0
1437	2052	1334
0	749	0
0	2236	0
2299	3094	2237
0	1346	0
0	767	0
0	971	0
0	566	0
0	2870	0
0	1304	0
0	1982	0
0	4355	0
0	6	0
57	277	7
0	2726	0
0	806	0
0	509	0
0	551	0
0	1502	0
0	42	0
91	344	43
0	1079	0
0	1028	0
0	1022	0
0	183	0
242	431	184
483	567	374
0	2318	0
0	1331	0
0	2663	0
0	1151	0
0	821	0
0	1304	0
0	458	0
0	1796	0
0	1991	0
0	401	0
0	106	0
0	413	0
0	653	0
0	64	0
162	396	65
0	1301	0
0	1130	0
0	1421	0
0	1478	0
1500	1514	1479
0	584	0
0	1703	0
0	1574	0
0	2384	0
0	1094	0
0	1595	0
0	1520	0
0	875	0
0	401	0
0	1646	0
0	1988	0
0	2519	0
0	2438	0
0	120	0
0	116	0
0	332	0
0	2270	0
0	761	0
0	1652	0
0	1736	0
0	3626	0
0	893	0
0	284	0
0	1538	0
0	1163	0
0	572	0
0	1715	0
0	2090	0
0	776	0
0	901	0
952	961	902
0	2459	0
0	755	0
0	4646	0
0	1278	0
1373	1629	1279
0	44	0
83	1552	45
0	3155	0
0	1892	0
0	677	0
0	365	0
0	389	0
0	380	0
0	482	0
0	1505	0
0	1841	0
0	1028	0
0	1040	0
0	884	0
0	2300	0
0	866	0
0	848	0
0	941	0
0	1262	0
0	99	0
0	94	0
0	79	0
0	86	0
0	83	0
0	90	0
0	90	0
0	83	0
0	3191	0
0	1682	0
0	1139	0
0	971	0
0	470	0
0	2153	0
0	180	0
249	283	181
0	3218	0
0	1442	0
0	776	0
0	1022	0
0	745	0
803	809	746
0	2069	0
0	764	0
0	998	0
0	1115	0
0	1274	0
0	2414	0
0	1361	0
0	893	0
0	767	0
0	3650	0
0	92	0
0	92	0
0	1070	0
0	2180	0
0	611	0
0	1178	0
0	30	0
80	756	31
0	1280	0
0	1358	0
0	1394	0
0	1052	0
0	617	0
0	1340	0
0	536	0
0	4214	0
0	2372	0
0	746	0
0	2036	0
0	1202	0
0	1490	0
0	5	0
96	800	6
0	1373	0
0	1247	0
0	89	0
0	87	0
0	1670	0
0	1214	0
0	2258	0
0	1997	0
0	201	0
486	1513	202
0	84	0
0	84	0
0	1115	0
0	1106	0
0	1907	0
0	128	0
181	291	129
344	553	240
0	764	0
0	1772	0
0	1893	0
1998	3505	1894
0	1628	0
0	1118	0
0	2903	0
0	569	0
0	677	0
0	17	0
74	541	18
0	842	0
0	659	0
0	3026	0
0	7325	0
7372	7809	7326
0	1181	0
0	869	0
0	1577	0
0	614	0
712	1554	615
0	1064	0
0	286	0
0	286	0
0	2711	0
0	710	0
0	1799	0
0	1574	0
0	2645	0
2735	3040	2646
0	698	0
0	90	0
0	90	0
0	1310	0
0	503	0
0	1901	0
0	779	0
0	2060	0
0	1163	0
0	1237	0
1311	2280	1238
0	1262	0
0	1166	0
0	1820	0
0	1136	0
0	470	0
0	4751	0
0	473	0
0	1253	0
0	1388	0
0	1336	0
1391	1421	1337
0	833	0
0	1559	0
0	1229	0
0	73	0
0	73	0
0	1991	0
0	1901	0
0	1448	0
0	533	0
590	649	534
0	1586	0
0	398	0
0	1715	0
0	1739	0
0	2741	0
0	497	0
0	908	0
0	2246	0
0	4271	0
0	27	0
91	254	28
0	45	0
97	662	46
0	1343	0
0	3635	0
0	1118	0
0	1100	0
0	3125	0
0	2123	0
0	5498	0
0	2039	0
0	449	0
0	1895	0
0	749	0
0	1595	0
0	1856	0
0	1058	0
0	353	0
0	1004	0
0	683	0
0	1004	0
0	1853	0
0	1088	0
0	4058	0
0	3956	0
0	953	0
0	923	0
0	1745	0
0	1505	0
0	899	0
0	2717	0
0	120	0
0	116	0
0	1238	0
0	329	0
0	1535	0
0	1202	0
0	233	0
269	652	234
0	2228	0
0	379	0
820	2053	380
0	410	0
0	2345	0
0	2969	0
0	950	0
0	1787	0
0	677	0
0	321	0
374	672	322
0	599	0
0	914	0
0	962	0
0	566	0
0	162	0
248	738	163
0	758	0
0	445	0
495	537	446
0	1823	0
0	1565	0
0	1838	0
0	1103	0
0	1805	0
0	656	0
0	1187	0
0	1934	0
0	2732	0
0	587	0
0	2645	0
0	1079	0
0	2723	0
0	1016	0
0	1184	0
0	914	0
0	2228	0
0	2006	0
0	1805	0
0	2165	0
0	608	0
0	2300	0
0	1241	0
0	2138	0
0	671	0
0	2852	0
0	1643	0
0	3476	0
0	2120	0
0	2159	0
0	1253	0
0	1847	0
0	72	0
0	72	0
0	731	0
0	650	0
0	2252	0
0	13	0
230	1064	14
0	830	0
0	635	0
0	1217	0
0	269	0
0	2021	0
0	1877	0
0	653	0
0	743	0
0	1910	0
0	268	0
500	575	269
0	1040	0
0	1997	0
0	962	0
1015	1053	963
0	1127	0
0	1484	0
0	974	0
0	1481	0
0	2318	0
0	1145	0
0	566	0
0	2612	0
0	737	0
0	53	0
316	432	54
0	116	0
0	1508	0
0	383	0
0	761	0
0	2807	0
0	1076	0
0	150	0
0	40	0
97	1384	41
0	1724	0
0	1013	0
0	743	0
0	890	0
0	1490	0
0	2732	0
0	1565	0
0	2225	0
2273	4240	2226
0	722	0
0	178	0
390	417	179
0	875	0
0	623	0
682	819	624
0	2258	0
2316	2375	2259
0	563	0
627	641	564
0	107	0
0	107	0
0	308	0
0	866	0
0	941	0
0	1553	0
0	1778	0
0	2000	0
0	344	0
0	33	0
91	425	34
0	239	0
0	2	0
134	538	3
0	1092	0
1162	1202	1093
0	1094	0
0	2843	0
0	377	0
0	1718	0
0	3155	0
0	1163	0
0	371	0
0	1271	0
0	893	0
0	1472	0
0	4382	0
0	815	0
0	626	0
0	971	0
0	2006	0
0	1109	0
0	87	0
0	87	0
0	4502	0
0	587	0
0	1055	0
0	944	0
0	1124	0
0	368	0
0	626	0
0	2261	0
0	1808	0
0	1400	0
0	3638	0
0	5066	0
0	84	0
133	1682	85
0	2513	0
0	1382	0
0	1337	0
0	2537	0
0	2381	0
0	1556	0
0	1367	0
0	2357	0
0	3917	0
0	1412	0
0	8240	0
0	160	0
0	734	0
0	1328	0
0	1154	0
0	1373	0
1425	1511	1374
0	905	0
0	1334	0
0	1307	0
0	1067	0
0	1346	0
0	1727	0
0	773	0
0	968	0
0	2813	0
0	926	0
0	3050	0
0	791	0
0	914	0
0	920	0
0	599	0
0	1241	0
0	1409	0
0	437	0
0	1244	0
0	149	0
0	593	0
0	2225	0
0	647	0
0	1613	0
0	554	0
0	4925	0
0	73	0
0	73	0
0	983	0
0	1364	0
0	635	0
0	1097	0
0	1064	0
0	120	0
0	116	0
0	1835	0
0	398	0
0	416	0
0	1631	0
0	671	0
0	1010	0
0	968	0
0	3182	0
0	2120	0
0	368	0
0	458	0
0	944	0
0	179	0
0	623	0
0	659	0
0	29	0
82	1437	30
0	671	0
0	707	0
0	377	0
0	1814	0
0	1313	0
0	3524	0
0	680	0
0	599	0
0	1631	0
0	524	0
0	157	0
0	157	0
0	1202	0
0	989	0
0	1349	0
0	1250	0
0	932	0
0	153	0
305	561	154
631	705	411
0	2660	0
0	72	0
0	72	0
0	1589	0
0	1169	0
0	620	0
0	962	0
0	3254	0
3358	3396	3255
0	1796	0
0	1994	0
0	470	0
0	566	0
0	824	0
0	2126	0
0	72	0
0	72	0
0	1421	0
0	773	0
0	596	0
0	2039	0
0	1034	0
0	275	0
0	311	0
0	1016	0
0	554	0
0	1388	0
0	1445	0
0	320	0
0	589	0
677	680	590
0	35	0
178	585	36
0	1412	0
0	1241	0
0	848	0
0	1025	0
0	2456	0
0	614	0
0	1870	0
1941	1953	1871
0	242	0
0	614	0
0	1337	0
0	752	0
1145	1951	753
0	223	0
0	611	0
0	902	0
0	722	0
0	719	0
0	602	0
0	716	0
0	1235	0
0	5936	0
0	1439	0
0	899	0
0	72	0
0	72	0
0	866	0
0	70	0
0	70	0
0	731	0
0	135	0
186	307	136
361	459	258
0	851	0
903	950	852
0	1712	0
0	509	0
0	2054	0
0	2027	0
0	1247	0
0	3320	0
0	905	0
0	1613	0
0	1055	0
1108	1146	1056
0	2135	0
0	653	0
0	461	0
0	263	0
380	421	264
0	1523	0
0	1934	0
0	1958	0
0	1565	0
0	731	0
0	1064	0
0	359	0
0	434	0
619	639	435
0	38	0
105	2552	39
0	1466	0
0	914	0
0	944	0
0	1448	0
0	1112	0
0	1358	0
0	2486	0
0	1469	0
0	2027	0
0	1091	0
0	1085	0
0	1559	0
0	1466	0
0	1349	0
0	1601	0
0	42	0
266	906	43
0	1805	0
0	2066	0
0	72	0
0	72	0
0	2129	0
0	1196	0
0	1370	0
0	1040	0
0	1313	0
0	725	0
0	2903	0
0	2093	0
0	674	0
0	1709	0
0	2558	0
0	887	0
0	2678	0
0	1295	0
0	3467	0
0	854	0
0	374	0
0	7	0
220	2518	8
0	1079	0
0	977	0
0	1904	0
0	120	0
0	116	0
0	1430	0
0	614	0
0	875	0
0	1868	0
0	1064	0
0	3203	0
0	788	0
0	2123	0
0	419	0
0	1136	0
0	515	0
0	457	0
504	821	458
884	911	776
0	758	0
0	1343	0
0	1949	0
0	2657	0
0	1316	0
0	2462	0
0	1613	0
0	1979	0
0	1559	0
0	1088	0
0	263	0
312	362	264
0	1580	0
0	1109	0
0	209	0
0	5558	0
0	1214	0
0	86	0
0	86	0
0	85	0
0	770	0
0	659	0
0	2108	0
0	1247	0
0	1190	0
0	536	0
0	584	0
0	710	0
0	971	0
0	443	0
529	1242	444
0	176	0
0	1055	0
0	1970	0
0	1949	0
0	1856	0
0	11	0
177	1478	12
0	3101	0
0	368	0
0	833	0
0	1541	0
0	2696	0
0	1496	0
0	2663	0
0	2510	0
0	2111	0
0	1133	0
0	1583	0
0	791	0
0	3155	0
0	539	0
0	1424	0
0	1151	0
0	986	0
0	851	0
0	1937	0
0	2459	0
0	434	0
0	3131	0
0	128	0
188	931	129
0	1364	0
0	920	0
0	1409	0
0	1052	0
1181	2680	1053
0	341	0
0	1115	0
0	2360	0
0	905	0
0	1025	0
0	797	0
0	905	0
0	827	0
0	1532	0
0	977	0
0	1589	0
0	935	0
1157	1234	936
0	1376	0
0	120	0
0	116	0
0	2021	0
0	1076	0
0	935	0
0	905	0
0	1712	0
0	23	0
80	1153	24
0	1592	0
0	1004	0
0	2522	0
0	1799	0
0	1769	0
0	1643	0
0	1475	0
0	1493	0
0	788	0
0	338	0
0	2342	0
0	301	0
0	301	0
0	149	0
0	989	0
0	1040	0
0	1001	0
0	2243	0
0	1289	0
0	1037	0
0	1715	0
0	2015	0
0	2348	0
0	1385	0
0	1229	0
0	773	0
0	1373	0
0	671	0
0	3116	0
0	17	0
73	203	18
290	395	149
0	2186	0
0	2261	0
0	983	0
0	416	0
0	1058	0
0	71	0
0	71	0
0	1286	0
0	1970	0
0	713	0
0	1088	0
0	2318	0
0	3749	0
0	1196	0
0	707	0
0	2360	0
0	73	0
0	73	0
0	803	0
0	1340	0
0	1439	0
0	24	0
78	1624	25
0	1847	0
0	353	0
0	962	0
0	2306	0
0	386	0
0	1187	0
0	1265	0
0	2624	0
0	2198	0
0	1085	0
0	5402	0
0	1316	0
0	677	0
0	2315	0
0	1279	0
1357	1684	1280
0	971	0
0	1844	0
0	479	0
0	417	0
446	1323	418
0	3245	0
0	893	0
0	1529	0
0	398	0
450	506	399
0	81	0
0	81	0
0	986	0
0	773	0
0	1319	0
0	3441	0
3473	3762	3442
0	1016	0
0	1997	0
0	1190	0
0	995	0
0	10	0
73	877	11
0	1130	0
0	899	0
0	3797	0
0	1289	0
0	965	0
0	1346	0
0	1175	0
0	2594	0
0	2909	0
0	845	0
0	2	0
91	612	3
0	572	0
0	93	0
0	93	0
0	944	0
0	32	0
114	302	33
0	794	0
0	368	0
0	1802	0
0	1466	0
0	1415	0
0	878	0
0	2957	0
0	1103	0
0	647	0
0	1910	0
0	914	0
0	341	0
0	71	0
0	71	0
0	980	0
0	73	0
0	73	0
0	1775	0
0	749	0
0	968	0
0	323	0
0	1850	0
0	659	0
0	869	0
0	1640	0
0	1262	0
0	737	0
0	2864	0
0	1865	0
0	431	0
0	722	0
0	953	0
0	1262	0
0	716	0
0	2588	0
0	1403	0
0	1448	0
0	1685	0
0	377	0
0	1478	0
0	1067	0
0	839	0
943	1554	840
0	3218	0
0	1067	0
0	2420	0
0	1397	0
0	773	0
0	938	0
0	458	0
0	1751	0
0	2180	0
2254	2505	2181
0	821	0
0	1262	0
0	455	0
0	1694	0
0	578	0
0	1109	0
0	578	0
0	374	0
0	758	0
0	1715	0
0	1316	0
0	2276	0
0	971	0
0	420	0
605	888	421
0	1316	0
0	1190	0
0	3488	0
0	1913	0
0	602	0
0	1325	0
0	1367	0
0	908	0
0	1001	0
0	593	0
0	911	0
0	1937	0
0	1247	0
0	587	0
0	1805	0
0	2045	0
0	185	0
0	158	0
227	286	159
0	49	0
116	899	50
0	575	0
0	2090	0
0	1148	0
0	701	0
0	857	0
0	878	0
0	812	0
0	1538	0
0	1136	0
0	1919	0
0	896	0
0	1229	0
0	1739	0
0	5372	0
0	932	0
0	1004	0
0	1408	0
1463	1475	1409
0	941	0
0	305	0
0	235	0
369	711	236
0	2018	0
0	3920	0
0	11	0
86	1444	12
0	1181	0
0	1211	0
0	809	0
0	341	0
0	875	0
0	21	0
77	690	22
0	646	0
720	804	647
0	2258	0
0	2369	0
0	833	0
0	1673	0
0	261	0
390	961	262
0	347	0
0	620	0
0	1865	0
0	980	0
0	1115	0
0	464	0
0	932	0
0	767	0
0	569	0
0	560	0
0	1727	0
0	1208	0
0	3254	0
0	1049	0
0	893	0
0	878	0
0	1277	0
0	2078	0
0	464	0
0	3059	0
0	32	0
85	2898	33
0	896	0
0	1478	0
0	11	0
38	565	12
0	905	0
0	1856	0
0	881	0
0	413	0
0	1457	0
0	2051	0
0	695	0
0	965	0
0	1439	0
0	1001	0
0	14	0
73	1236	15
0	581	0
0	1115	0
0	641	0
0	12	0
194	609	13
0	1028	0
0	2345	0
0	668	0
0	842	0
0	1469	0
0	950	0
0	1991	0
0	1328	0
0	1562	0
0	1007	0
0	1460	0
0	1877	0
0	716	0
0	1391	0
0	3569	0
0	4511	0
0	1268	0
0	73	0
0	73	0
0	2096	0
0	914	0
0	713	0
0	1937	0
0	671	0
0	215	0
0	395	0
0	1139	0
0	962	0
0	383	0
0	856	0
996	1554	857
0	539	0
0	950	0
0	1229	0
0	1643	0
0	1403	0
0	1124	0
0	1364	0
0	551	0
0	647	0
0	896	0
0	908	0
0	2132	0
0	71	0
0	1814	0
0	2552	0
0	2024	0
0	542	0
0	776	0
0	2786	0
0	1892	0
0	1868	0
0	342	0
531	907	343
0	1427	0
0	1241	0
0	692	0
0	1247	0
0	386	0
0	710	0
0	3599	0
0	482	0
0	2233	0
2308	3136	2234
0	545	0
0	1304	0
0	1193	0
0	917	0
0	485	0
0	311	0
0	3134	0
0	329	0
0	536	0
0	197	0
0	90	0
142	296	91
0	1340	0
0	596	0
0	1814	0
0	1454	0
0	86	0
0	99	0
0	99	0
0	2060	0
0	995	0
0	72	0
0	72	0
0	2384	0
0	71	0
0	71	0
0	17	0
80	346	18
0	1103	0
0	2861	0
0	1022	0
0	1379	0
0	563	0
0	782	0
0	617	0
0	1838	0
0	848	0
0	1181	0
0	1862	0
0	293	0
0	485	0
0	515	0
0	902	0
0	1778	0
0	1439	0
1502	1930	1440
0	440	0
0	2492	0
0	827	0
0	1598	0
0	1175	0
0	1049	0
0	1400	0
0	1874	0
0	509	0
0	4046	0
0	4904	0
4964	5008	4905
0	527	0
0	1382	0
0	1052	0
0	92	0
0	716	0
0	283	0
475	526	284
0	941	0
0	1724	0
0	581	0
0	1136	0
0	938	0
0	1274	0
0	1613	0
0	3287	0
